q	Intensity	Error
0.14214	9.65E+10	0
0.14256	9.50E+10	0
0.14983	7.31E+10	0
0.15026	7.18E+10	0
0.15751	5.28E+10	0
0.15797	5.16E+10	0
0.16519	3.67E+10	0
0.16567	3.57E+10	0
0.17288	2.46E+10	0
0.17338	2.38E+10	0
0.18056	1.59E+10	0
0.18109	1.53E+10	0
0.18824	1.02E+10	0
0.18879	9.86E+09	0
0.19593	7.13E+09	0
0.1965	6.91E+09	0
0.20361	6.06E+09	0
0.2042	5.99E+09	0
0.21129	6.53E+09	0
0.21191	6.58E+09	0
0.21898	8.10E+09	0
0.21961	8.23E+09	0
0.22666	1.05E+10	0
0.22732	1.07E+10	0
0.23434	1.33E+10	0
0.23503	1.36E+10	0
0.24203	1.65E+10	0
0.24273	1.68E+10	0
0.24971	1.98E+10	0
0.25044	2.01E+10	0
0.25739	2.29E+10	0
0.25814	2.32E+10	0
0.26508	2.59E+10	0
0.26585	2.62E+10	0
0.27276	2.85E+10	0
0.27355	2.88E+10	0
0.28044	3.07E+10	0
0.28126	3.10E+10	0
0.28813	3.26E+10	0
0.28897	3.28E+10	0
0.29581	3.40E+10	0
0.29667	3.41E+10	0
0.3035	3.47E+10	0
0.30438	3.48E+10	0
0.31118	3.42E+10	0
0.31208	3.41E+10	0
0.31886	3.32E+10	0
0.31979	3.31E+10	0
0.32655	3.22E+10	0
0.3275	3.21E+10	0
0.33423	3.07E+10	0
0.3352	3.05E+10	0
0.34191	2.90E+10	0
0.34291	2.88E+10	0
0.3496	2.70E+10	0
0.35061	2.68E+10	0
0.35728	2.48E+10	0
0.35832	2.45E+10	0
0.36496	2.23E+10	0
0.36602	2.20E+10	0
0.37265	1.98E+10	0
0.37373	1.95E+10	0
0.38033	1.72E+10	0
0.38144	1.69E+10	0
0.38801	1.47E+10	0
0.38914	1.44E+10	0
0.3957	1.23E+10	0
0.39685	1.19E+10	0
0.40338	1.01E+10	0
0.40455	9.72E+09	0
0.41106	8.05E+09	0
0.41226	7.74E+09	0
0.41875	6.29E+09	0
0.41996	6.01E+09	0
0.42643	4.78E+09	0
0.42767	4.55E+09	0
0.43411	3.52E+09	0
0.43538	3.32E+09	0
0.4418	2.53E+09	0
0.44308	2.37E+09	0
0.44948	1.79E+09	0
0.45079	1.67E+09	0
0.45716	1.30E+09	0
0.45849	1.23E+09	0
0.46485	1.04E+09	0
0.4662	1.01E+09	0
0.47253	9.85E+08	0
0.47391	9.80E+08	0
0.48021	1.10E+09	0
0.48161	1.12E+09	0
0.4879	1.36E+09	0
0.48932	1.41E+09	0
0.49558	1.74E+09	0
0.49702	1.82E+09	0
0.50326	2.20E+09	0
0.50473	2.29E+09	0
0.51095	2.70E+09	0
0.51243	2.80E+09	0
0.51863	3.22E+09	0
0.52014	3.32E+09	0
0.52631	3.72E+09	0
0.52785	3.82E+09	0
0.534	4.20E+09	0
0.53555	4.30E+09	0
0.54168	4.63E+09	0
0.54326	4.72E+09	0
0.54936	4.99E+09	0
0.55096	5.06E+09	0
0.55705	5.26E+09	0
0.55867	5.31E+09	0
0.56473	5.44E+09	0
0.56637	5.47E+09	0
0.57241	5.54E+09	0
0.57408	5.56E+09	0
0.5801	5.56E+09	0
0.58179	5.56E+09	0
0.58778	5.48E+09	0
0.58949	5.46E+09	0
0.59547	5.33E+09	0
0.5972	5.29E+09	0
0.60315	5.11E+09	0
0.6049	5.06E+09	0
0.61083	4.84E+09	0
0.61261	4.77E+09	0
0.61852	4.51E+09	0
0.62031	4.44E+09	0
0.6262	4.16E+09	0
0.62802	4.07E+09	0
0.63388	3.77E+09	0
0.63573	3.67E+09	0
0.64157	3.35E+09	0
0.64343	3.25E+09	0
0.64925	2.94E+09	0
0.65114	2.84E+09	0
0.65693	2.54E+09	0
0.65884	2.44E+09	0
0.66462	2.16E+09	0
0.66655	2.06E+09	0
0.6723	1.80E+09	0
0.67426	1.70E+09	0
0.67998	1.46E+09	0
0.68196	1.38E+09	0
0.68767	1.17E+09	0
0.68967	1.09E+09	0
0.69535	9.10E+08	0
0.69737	8.45E+08	0
0.70303	6.95E+08	0
0.70508	6.40E+08	0
0.71072	5.22E+08	0
0.71278	4.78E+08	0
0.7184	3.85E+08	0
0.72049	3.50E+08	0
0.72608	2.90E+08	0
0.7282	2.70E+08	0
0.73377	2.48E+08	0
0.7359	2.39E+08	0
0.74145	2.39E+08	0
0.74361	2.38E+08	0
0.74913	2.56E+08	0
0.75131	2.62E+08	0
0.75682	2.95E+08	0
0.75902	3.08E+08	0
0.7645	3.51E+08	0
0.76672	3.68E+08	0
0.77218	4.21E+08	0
0.77443	4.43E+08	0
0.77987	5.09E+08	0
0.78214	5.37E+08	0
0.78755	6.05E+08	0
0.78984	6.33E+08	0
0.79523	6.86E+08	0
0.79755	7.08E+08	0
0.80292	7.63E+08	0
0.80525	7.87E+08	0
0.8106	8.40E+08	0
0.81296	8.63E+08	0
0.81828	9.06E+08	0
0.82066	9.26E+08	0
0.82597	9.63E+08	0
0.82837	9.80E+08	0
0.83365	1.00E+09	0
0.83608	1.01E+09	0
0.84133	1.03E+09	0
0.84378	1.03E+09	0
0.84902	1.04E+09	0
0.85149	1.04E+09	0
0.8567	1.03E+09	0
0.85919	1.03E+09	0
0.86439	1.02E+09	0
0.8669	1.01E+09	0
0.87207	9.92E+08	0
0.87461	9.82E+08	0
0.87975	9.54E+08	0
0.88231	9.40E+08	0
0.88744	9.07E+08	0
0.89002	8.90E+08	0
0.89512	8.50E+08	0
0.89772	8.30E+08	0
0.9028	7.86E+08	0
0.90543	7.64E+08	0
0.91049	7.23E+08	0
0.91313	7.01E+08	0
0.91817	6.56E+08	0
0.92084	6.34E+08	0
0.92585	5.91E+08	0
0.92855	5.67E+08	0
0.93354	5.26E+08	0
0.93625	5.03E+08	0
0.94122	4.66E+08	0
0.94396	4.45E+08	0
0.9489	4.09E+08	0
0.95166	3.90E+08	0
0.95659	3.63E+08	0
0.95937	3.47E+08	0
0.96427	3.25E+08	0
0.96707	3.13E+08	0
0.97195	2.92E+08	0
0.97478	2.80E+08	0
0.97964	2.64E+08	0
0.98249	2.54E+08	0
0.98732	2.43E+08	0
0.99019	2.37E+08	0
0.995	2.31E+08	0
0.9979	2.28E+08	0
1.00269	2.28E+08	0
1.0056	2.27E+08	0
1.01037	2.33E+08	0
1.01331	2.37E+08	0
1.01805	2.43E+08	0
1.02101	2.47E+08	0
1.02574	2.53E+08	0
1.02872	2.56E+08	0
1.03342	2.64E+08	0
1.03643	2.70E+08	0
1.0411	2.81E+08	0
1.04413	2.88E+08	0
1.04879	3.03E+08	0
1.05184	3.13E+08	0
1.05647	3.31E+08	0
1.05954	3.42E+08	0
1.06415	3.57E+08	0
1.06725	3.67E+08	0
1.07184	3.81E+08	0
1.07496	3.91E+08	0
1.07952	4.05E+08	0
1.08266	4.14E+08	0
1.0872	4.27E+08	0
1.09037	4.35E+08	0
1.09489	4.45E+08	0
1.09807	4.51E+08	0
1.10257	4.58E+08	0
1.10578	4.63E+08	0
1.11025	4.70E+08	0
1.11348	4.76E+08	0
1.11794	4.84E+08	0
1.12119	4.90E+08	0
1.12562	4.95E+08	0
1.1289	4.98E+08	0
1.1333	5.01E+08	0
1.1366	5.03E+08	0
1.14099	5.04E+08	0
1.14431	5.05E+08	0
1.14867	5.08E+08	0
1.15201	5.10E+08	0
1.15636	5.10E+08	0
1.15972	5.10E+08	0
1.16404	5.08E+08	0
1.16742	5.06E+08	0
1.17172	5.02E+08	0
1.17513	4.99E+08	0
1.17941	4.94E+08	0
1.18284	4.90E+08	0
1.18709	4.85E+08	0
1.19054	4.80E+08	0
1.19477	4.71E+08	0
1.19825	4.64E+08	0
1.20246	4.57E+08	0
1.20595	4.52E+08	0
1.21014	4.47E+08	0
1.21366	4.44E+08	0
1.21782	4.37E+08	0
1.22137	4.30E+08	0
1.22551	4.22E+08	0
1.22907	4.15E+08	0
1.23319	4.08E+08	0
1.23678	4.02E+08	0
1.24087	3.96E+08	0
1.24448	3.92E+08	0
1.24856	3.85E+08	0
1.25219	3.80E+08	0
1.25624	3.73E+08	0
1.25989	3.66E+08	0
1.26392	3.56E+08	0
1.2676	3.47E+08	0
1.27161	3.38E+08	0
1.27531	3.30E+08	0
1.27929	3.23E+08	0
1.28301	3.17E+08	0
1.28697	3.10E+08	0
1.29072	3.03E+08	0
1.29466	2.93E+08	0
1.29842	2.84E+08	0
1.30234	2.76E+08	0
1.30613	2.67E+08	0
1.31002	2.58E+08	0
1.31383	2.49E+08	0
1.31771	2.42E+08	0
1.32154	2.36E+08	0
1.32539	2.31E+08	0
1.32925	2.26E+08	0
1.33307	2.22E+08	0
1.33695	2.16E+08	0
1.34076	2.08E+08	0
1.34466	2.00E+08	0
1.34844	1.93E+08	0
1.35236	1.85E+08	0
1.35612	1.78E+08	0
1.36007	1.71E+08	0
1.36381	1.65E+08	0
1.36777	1.59E+08	0
1.37149	1.53E+08	0
1.37548	1.47E+08	0
1.37917	1.40E+08	0
1.38319	1.32E+08	0
1.38686	1.26E+08	0
1.39089	1.20E+08	0
1.39454	1.15E+08	0
1.3986	1.10E+08	0
1.40222	1.06E+08	0
1.4063	1.01E+08	0
1.40991	9.63E+07	0
1.41401	9.06E+07	0
1.41759	8.68E+07	0
1.42172	8.18E+07	0
1.42527	8.05E+07	0
1.42942	7.89E+07	0
1.43296	7.49E+07	0
1.43713	6.99E+07	0
1.44064	6.74E+07	0
1.44483	6.45E+07	0
1.44833	6.41E+07	0
1.45254	6.47E+07	0
1.45601	6.40E+07	0
1.46024	6.33E+07	0
1.46369	6.40E+07	0
1.46795	6.41E+07	0
1.47138	6.31E+07	0
1.47566	6.20E+07	0
1.47906	6.01E+07	0
1.48336	5.74E+07	0
1.48674	5.81E+07	0
1.49107	5.96E+07	0
1.49443	6.02E+07	0
1.49877	6.09E+07	0
1.50211	6.27E+07	0
1.50648	6.44E+07	0
1.50979	6.45E+07	0
1.51418	6.46E+07	0
1.51748	6.40E+07	0
1.52189	6.35E+07	0
1.52516	6.38E+07	0
1.5296	6.42E+07	0
1.53284	6.52E+07	0
1.5373	6.70E+07	0
1.54053	6.82E+07	0
1.54501	6.95E+07	0
1.54821	7.00E+07	0
1.55271	6.98E+07	0
1.55589	7.00E+07	0
1.56042	7.04E+07	0
1.56358	7.12E+07	0
1.56812	7.27E+07	0
1.57126	7.35E+07	0
1.57583	7.53E+07	0
1.57894	7.68E+07	0
1.58354	7.87E+07	0
1.58663	8.08E+07	0
1.59124	8.39E+07	0
1.59431	8.48E+07	0
1.59895	8.64E+07	0
1.60199	8.80E+07	0
1.60665	9.07E+07	0
1.60968	9.24E+07	0
1.61436	9.54E+07	0
1.61736	9.62E+07	0
1.62207	9.76E+07	0
1.62504	9.87E+07	0
1.62977	1.00E+08	0
1.63273	1.01E+08	0
1.63748	1.02E+08	0
1.64041	1.01E+08	0
1.64518	9.85E+07	0
1.64809	9.60E+07	0
1.65289	9.07E+07	0
1.65578	8.70E+07	0
1.66059	8.15E+07	0
1.66346	7.66E+07	0
1.6683	6.78E+07	0
1.67114	6.41E+07	0
1.67601	5.87E+07	0
1.67883	5.69E+07	0
1.68371	5.39E+07	0
1.68651	5.17E+07	0
1.69142	4.77E+07	0
1.69419	4.76E+07	0
1.69912	4.72E+07	0
1.70188	4.82E+07	0
1.70683	4.97E+07	0
1.70956	5.10E+07	0
1.71453	5.42E+07	0
1.71724	5.65E+07	0
1.72224	6.12E+07	0
1.72493	6.40E+07	0
1.72995	6.85E+07	0
1.73261	7.15E+07	0
1.73765	7.66E+07	0
1.7403	7.98E+07	0
1.74536	8.67E+07	0
1.74798	9.09E+07	0
1.75306	9.92E+07	0
1.75566	1.02E+08	0
1.76077	1.09E+08	0
1.76335	1.10E+08	0
1.76848	1.13E+08	0
1.77103	1.15E+08	0
1.77618	1.20E+08	0
1.77871	1.22E+08	0
1.78389	1.27E+08	0
1.7864	1.28E+08	0
1.79159	1.29E+08	0
1.79408	1.30E+08	0
1.7993	1.31E+08	0
1.80176	1.32E+08	0
1.807	1.34E+08	0
1.80945	1.34E+08	0
1.81471	1.34E+08	0
1.81713	1.34E+08	0
1.82242	1.33E+08	0
1.82481	1.32E+08	0
1.83012	1.28E+08	0
1.8325	1.26E+08	0
1.83783	1.23E+08	0
1.84018	1.22E+08	0
1.84553	1.20E+08	0
1.84786	1.18E+08	0
1.85324	1.13E+08	0
1.85555	1.11E+08	0
1.86094	1.08E+08	0
1.86323	1.06E+08	0
1.86865	1.02E+08	0
1.87091	1.00E+08	0
1.87636	9.46E+07	0
1.8786	9.33E+07	0
1.88406	9.11E+07	0
1.88628	8.94E+07	0
1.89177	8.49E+07	0
1.89396	8.21E+07	0
1.89947	7.51E+07	0
1.90165	7.45E+07	0
1.90718	7.28E+07	0
1.90933	7.14E+07	0
1.91488	6.77E+07	0
1.91701	6.56E+07	0
1.92259	6.00E+07	0
1.9247	5.90E+07	0
1.9303	5.73E+07	0
1.93238	5.58E+07	0
1.938	5.17E+07	0
1.94006	5.08E+07	0
1.94571	4.86E+07	0
1.94775	4.84E+07	0
1.95341	4.69E+07	0
1.95543	4.68E+07	0
1.96112	4.58E+07	0
1.96311	4.46E+07	0
1.96883	4.24E+07	0
1.9708	4.09E+07	0
1.97653	3.70E+07	0
1.97848	3.65E+07	0
1.98424	3.43E+07	0
1.98616	3.47E+07	0
1.99194	3.63E+07	0
1.99385	3.62E+07	0
1.99965	3.50E+07	0
2.00153	3.47E+07	0
2.00735	3.31E+07	0
2.00921	3.29E+07	0
2.01506	3.25E+07	0
2.0169	3.27E+07	0
2.02277	3.45E+07	0
2.02458	3.48E+07	0
2.03047	3.50E+07	0
2.03227	3.50E+07	0
2.03818	3.43E+07	0
2.03995	3.54E+07	0
2.04588	3.88E+07	0
2.04763	3.90E+07	0
2.05359	4.03E+07	0
2.05532	4.05E+07	0
2.06129	4.25E+07	0
2.063	4.41E+07	0
2.069	4.75E+07	0
2.07068	4.82E+07	0
2.07671	5.10E+07	0
2.07837	5.10E+07	0
2.08441	5.17E+07	0
2.08605	5.23E+07	0
2.09212	5.40E+07	0
2.09373	5.49E+07	0
2.09982	6.02E+07	0
2.10142	6.14E+07	0
2.10753	6.52E+07	0
2.1091	6.56E+07	0
2.11523	6.56E+07	0
2.11678	6.63E+07	0
2.12294	7.05E+07	0
2.12447	7.16E+07	0
2.13065	7.54E+07	0
2.13215	7.55E+07	0
2.13835	7.56E+07	0
2.13983	7.56E+07	0
2.14606	7.61E+07	0
2.14752	7.67E+07	0
2.15376	7.92E+07	0
2.1552	7.92E+07	0
2.16147	8.01E+07	0
2.16288	8.06E+07	0
2.16918	8.15E+07	0
2.17057	8.10E+07	0
2.17688	7.85E+07	0
2.17825	7.81E+07	0
2.18459	7.71E+07	0
2.18593	7.69E+07	0
2.19229	7.64E+07	0
2.19362	7.63E+07	0
2.2	7.57E+07	0
2.2013	7.62E+07	0
2.2077	7.77E+07	0
2.20898	7.73E+07	0
2.21541	7.51E+07	0
2.21667	7.47E+07	0
2.22312	7.19E+07	0
2.22435	7.11E+07	0
2.23082	6.74E+07	0
2.23203	6.73E+07	0
2.23853	6.92E+07	0
2.23972	6.93E+07	0
2.24623	6.93E+07	0
2.2474	6.92E+07	0
2.25394	6.64E+07	0
2.25508	6.64E+07	0
2.26164	6.73E+07	0
2.26277	6.69E+07	0
2.26935	6.51E+07	0
2.27045	6.48E+07	0
2.27706	6.25E+07	0
2.27813	6.20E+07	0
2.28476	5.89E+07	0
2.28582	5.86E+07	0
2.29247	5.61E+07	0
2.2935	5.66E+07	0
2.30017	6.12E+07	0
2.30118	6.17E+07	0
2.30788	6.44E+07	0
2.30887	6.49E+07	0
2.31558	6.88E+07	0
2.31655	6.89E+07	0
2.32329	6.83E+07	0
2.32424	6.86E+07	0
2.331	6.94E+07	0
2.33192	6.92E+07	0
2.3387	6.94E+07	0
2.3396	6.92E+07	0
2.34641	6.88E+07	0
2.34729	6.89E+07	0
2.35411	6.87E+07	0
2.35497	6.86E+07	0
2.36182	6.78E+07	0
2.36265	6.80E+07	0
2.36953	7.30E+07	0
2.37034	7.28E+07	0
2.37723	6.99E+07	0
2.37802	6.97E+07	0
2.38494	6.66E+07	0
2.3857	6.62E+07	0
2.39264	6.42E+07	0
2.39339	6.42E+07	0
2.40035	6.43E+07	0
2.40107	6.43E+07	0
2.40805	6.31E+07	0
2.40875	6.28E+07	0
2.41576	5.89E+07	0
2.41644	5.90E+07	0
2.42347	5.97E+07	0
2.42412	5.93E+07	0
2.43117	5.58E+07	0
2.4318	5.55E+07	0
2.43888	5.28E+07	0
2.43949	5.26E+07	0
2.44658	5.06E+07	0
2.44717	5.06E+07	0
2.45429	4.95E+07	0
2.45485	4.91E+07	0
2.46199	4.62E+07	0
2.46254	4.63E+07	0
2.4697	4.51E+07	0
2.47022	4.48E+07	0
2.47741	4.13E+07	0
2.4779	4.13E+07	0
2.48511	4.29E+07	0
2.48559	4.28E+07	0
2.49282	4.27E+07	0
2.49327	4.26E+07	0
2.50052	3.94E+07	0
2.50095	3.93E+07	0
2.50823	3.79E+07	0
2.50864	3.79E+07	0
2.51594	3.72E+07	0
2.51632	3.70E+07	0
2.52364	3.49E+07	0
2.524	3.50E+07	0
2.53135	3.79E+07	0
2.53169	3.80E+07	0
2.53905	4.00E+07	0
2.53937	3.99E+07	0
2.54676	4.08E+07	0
2.54705	4.08E+07	0
2.55446	3.82E+07	0
2.55474	3.82E+07	0
2.56217	3.80E+07	0
2.56242	3.80E+07	0
2.56988	3.86E+07	0
2.5701	3.86E+07	0
2.57758	3.87E+07	0
2.57779	3.87E+07	0
2.58529	3.58E+07	0
2.58547	3.58E+07	0
2.59299	3.58E+07	0
2.59316	3.59E+07	0
2.6007	4.05E+07	0
2.60084	4.05E+07	0
2.6084	3.90E+07	0
2.60852	3.90E+07	0
2.61611	3.76E+07	0
2.61621	3.77E+07	0
2.62382	3.97E+07	0
2.62389	3.97E+07	0
2.63152	3.70E+07	0
2.63157	3.70E+07	0
2.63923	3.57E+07	0
2.63926	3.57E+07	0
2.64693	3.56E+07	0
2.64694	3.56E+07	0
2.65462	3.17E+07	0
2.65464	3.17E+07	0
2.66231	2.84E+07	0
2.66234	2.84E+07	0
2.66999	2.82E+07	0
2.67005	2.82E+07	0
2.67767	2.67E+07	0
2.67776	2.67E+07	0
2.68536	2.63E+07	0
2.68546	2.63E+07	0
2.69304	2.43E+07	0
2.69317	2.43E+07	0
2.70072	2.05E+07	0
2.70087	2.04E+07	0
2.70841	1.89E+07	0
2.70858	1.88E+07	0
2.71609	1.96E+07	0
2.71629	1.96E+07	0
2.72377	1.97E+07	0
2.72399	1.98E+07	0
2.73146	1.79E+07	0
2.7317	1.78E+07	0
2.73914	1.22E+07	0
2.7394	1.20E+07	0
2.74682	1.15E+07	0
2.74711	1.15E+07	0
2.75451	1.67E+07	0
2.75481	1.70E+07	0
2.76219	1.72E+07	0
2.76252	1.71E+07	0
2.76987	1.66E+07	0
2.77023	1.67E+07	0
2.77756	2.04E+07	0
2.77793	2.06E+07	0
2.78524	2.20E+07	0
2.78564	2.21E+07	0
2.79292	2.18E+07	0
2.79334	2.18E+07	0
2.80061	2.04E+07	0
2.80105	2.02E+07	0
2.80829	1.82E+07	0
2.80875	1.80E+07	0
2.81597	1.85E+07	0
2.81646	1.86E+07	0
2.82366	2.04E+07	0
2.82417	2.05E+07	0
2.83134	2.02E+07	0
2.83187	2.01E+07	0
2.83902	1.83E+07	0
2.83958	1.81E+07	0
2.84671	1.71E+07	0
2.84728	1.71E+07	0
2.85439	1.98E+07	0
2.85499	2.00E+07	0
2.86207	2.41E+07	0
2.86269	2.43E+07	0
2.86976	2.28E+07	0
2.8704	2.27E+07	0
2.87744	1.83E+07	0
2.87811	1.80E+07	0
2.88513	1.77E+07	0
2.88581	1.77E+07	0
2.89281	2.12E+07	0
2.89352	2.15E+07	0
2.90049	2.23E+07	0
2.90122	2.23E+07	0
2.90818	2.04E+07	0
2.90893	2.04E+07	0
2.91586	2.12E+07	0
2.91664	2.12E+07	0
2.92354	1.77E+07	0
2.92434	1.72E+07	0
2.93123	1.40E+07	0
2.93205	1.39E+07	0
2.93891	1.45E+07	0
2.93975	1.47E+07	0
2.94659	1.73E+07	0
2.94746	1.76E+07	0
2.95428	1.87E+07	0
2.95516	1.86E+07	0
2.96196	1.61E+07	0
2.96287	1.58E+07	0
2.96964	1.59E+07	0
2.97058	1.61E+07	0
2.97733	1.58E+07	0
2.97828	1.56E+07	0
2.98501	1.16E+07	0
2.98599	1.12E+07	0
2.99269	1.12E+07	0
2.99369	1.13E+07	0
3.00038	1.07E+07	0
3.0014	1.06E+07	0
3.00806	1.06E+07	0
3.0091	1.06E+07	0
3.01574	1.21E+07	0
3.01681	1.23E+07	0
3.02343	1.18E+07	0
3.02452	1.15E+07	0
3.03111	1.29E+07	0
3.03222	1.32E+07	0
3.03879	1.06E+07	0
3.03993	1.03E+07	0
3.04648	1.13E+07	0
3.04763	1.15E+07	0
3.05416	1.22E+07	0
3.05534	1.22E+07	0
3.06184	1.20E+07	0
3.06305	1.20E+07	0
3.06953	1.07E+07	0
3.07075	1.04E+07	0
3.07721	7.49E+06	0
3.07846	7.13E+06	0
3.08489	8.80E+06	0
3.08616	9.03E+06	0
3.09258	1.24E+07	0
3.09387	1.28E+07	0
3.10026	1.32E+07	0
3.10157	1.35E+07	0
3.10794	1.68E+07	0
3.10928	1.72E+07	0
3.11563	1.52E+07	0
3.11699	1.47E+07	0
3.12331	1.32E+07	0
3.12469	1.28E+07	0
3.13099	1.42E+07	0
3.1324	1.47E+07	0
3.13868	1.96E+07	0
3.1401	2.05E+07	0
3.14636	2.39E+07	0
3.14781	2.46E+07	0
3.15404	2.89E+07	0
3.15551	3.00E+07	0
3.16173	3.36E+07	0
3.16322	3.49E+07	0
3.16941	4.18E+07	0
3.17093	4.32E+07	0
3.1771	4.78E+07	0
3.17863	4.87E+07	0
3.18478	4.69E+07	0
3.18634	4.63E+07	0
3.19246	4.50E+07	0
3.19404	4.48E+07	0
3.20015	4.08E+07	0
3.20175	3.97E+07	0
3.20783	3.76E+07	0
3.20945	3.69E+07	0
3.21551	3.44E+07	0
3.21716	3.34E+07	0
3.2232	2.69E+07	0
3.22487	2.55E+07	0
3.23088	2.53E+07	0
3.23257	2.54E+07	0
3.23856	2.53E+07	0
3.24028	2.55E+07	0
3.24625	2.74E+07	0
3.24798	2.76E+07	0
3.25393	2.82E+07	0
3.25569	2.84E+07	0
3.26161	2.77E+07	0
3.2634	2.75E+07	0
3.2693	2.76E+07	0
3.2711	2.79E+07	0
3.27698	2.84E+07	0
3.27881	2.85E+07	0
3.28466	2.93E+07	0
3.28651	2.93E+07	0
3.29235	3.16E+07	0
3.29422	3.23E+07	0
3.30003	3.16E+07	0
3.30192	3.16E+07	0
3.30771	2.92E+07	0
3.30963	2.81E+07	0
3.3154	2.48E+07	0
3.31734	2.40E+07	0
3.32308	2.42E+07	0
3.32504	2.45E+07	0
3.33076	2.74E+07	0
3.33275	2.82E+07	0
3.33845	2.52E+07	0
3.34045	2.40E+07	0
3.34613	2.22E+07	0
3.34816	2.18E+07	0
3.35381	2.38E+07	0
3.35586	2.45E+07	0
3.3615	2.93E+07	0
3.36357	3.11E+07	0
3.36918	3.06E+07	0
3.37128	3.00E+07	0
3.37686	3.15E+07	0
3.37898	3.24E+07	0
3.38455	3.52E+07	0
3.38669	3.60E+07	0
3.39223	3.74E+07	0
3.39439	3.78E+07	0
3.39991	3.81E+07	0
3.4021	3.82E+07	0
3.4076	3.76E+07	0
3.4098	3.76E+07	0
3.41528	3.67E+07	0
3.41751	3.64E+07	0
3.42296	3.77E+07	0
3.42522	3.86E+07	0
3.43065	3.97E+07	0
3.43292	4.01E+07	0
3.43833	4.07E+07	0
3.44063	4.06E+07	0
3.44601	4.09E+07	0
3.44833	4.09E+07	0
3.4537	4.04E+07	0
3.45604	3.99E+07	0
3.46138	3.89E+07	0
3.46375	3.90E+07	0
3.46906	3.65E+07	0
3.47145	3.53E+07	0
3.47675	3.45E+07	0
3.47916	3.43E+07	0
3.48443	3.64E+07	0
3.48686	3.72E+07	0
3.49212	3.74E+07	0
3.49457	3.72E+07	0
3.4998	3.62E+07	0
3.50227	3.66E+07	0
3.50748	3.77E+07	0
3.50998	3.80E+07	0
3.51517	3.80E+07	0
3.51769	3.72E+07	0
3.52285	3.40E+07	0
3.52539	3.26E+07	0
3.53053	3.12E+07	0
3.5331	3.07E+07	0
3.53822	3.33E+07	0
3.5408	3.42E+07	0
3.5459	3.55E+07	0
3.54851	3.66E+07	0
3.55358	3.57E+07	0
3.55621	3.54E+07	0
3.56127	3.51E+07	0
3.56392	3.45E+07	0
3.56895	3.24E+07	0
3.57163	3.10E+07	0
3.57663	2.76E+07	0
3.57933	2.59E+07	0
3.58432	2.31E+07	0
3.58704	2.18E+07	0
3.592	2.16E+07	0
3.59474	2.17E+07	0
3.59968	2.07E+07	0
3.60245	2.02E+07	0
3.60737	2.10E+07	0
3.61015	2.17E+07	0
3.61505	2.27E+07	0
3.61786	2.37E+07	0
3.62273	2.59E+07	0
3.62557	2.66E+07	0
3.63042	2.77E+07	0
3.63327	2.78E+07	0
3.6381	2.60E+07	0
3.64098	2.50E+07	0
3.64578	2.33E+07	0
3.64868	2.23E+07	0
3.65347	2.28E+07	0
3.65639	2.30E+07	0
3.66115	2.54E+07	0
3.6641	2.74E+07	0
3.66883	2.65E+07	0
3.6718	2.55E+07	0
3.67652	2.52E+07	0
3.67951	2.54E+07	0
3.6842	2.75E+07	0
3.68721	2.86E+07	0
3.69188	2.89E+07	0
3.69492	2.92E+07	0
3.69957	2.82E+07	0
3.70262	2.81E+07	0
3.70725	2.98E+07	0
3.71033	3.10E+07	0
3.71493	3.11E+07	0
3.71804	3.12E+07	0
3.72262	3.08E+07	0
3.72574	2.98E+07	0
3.7303	2.98E+07	0
3.73345	2.94E+07	0
3.73799	2.85E+07	0
3.74115	2.83E+07	0
3.74567	2.66E+07	0
3.74886	2.60E+07	0
3.75335	2.82E+07	0
3.75656	2.94E+07	0
3.76104	3.10E+07	0
3.76427	3.15E+07	0
3.76872	3.03E+07	0
3.77198	2.94E+07	0
3.7764	2.87E+07	0
3.77968	2.86E+07	0
3.78409	3.06E+07	0
3.78739	3.24E+07	0
3.79177	3.30E+07	0
3.79509	3.36E+07	0
3.79945	3.29E+07	0
3.8028	3.13E+07	0
3.80714	3.15E+07	0
3.8105	3.16E+07	0
3.81482	3.23E+07	0
3.81821	3.31E+07	0
3.8225	3.29E+07	0
3.82592	3.38E+07	0
3.83019	3.33E+07	0
3.83362	3.26E+07	0
3.83787	3.25E+07	0
3.84133	3.17E+07	0
3.84555	3.13E+07	0
3.84903	3.16E+07	0
3.85324	3.13E+07	0
3.85674	3.10E+07	0
3.86092	3.19E+07	0
3.86445	3.20E+07	0
3.8686	3.28E+07	0
3.87215	3.30E+07	0
3.87629	3.25E+07	0
3.87986	3.32E+07	0
3.88397	3.19E+07	0
3.88756	3.08E+07	0
3.89165	3.19E+07	0
3.89527	3.26E+07	0
3.89934	3.25E+07	0
3.90297	3.25E+07	0
3.90702	3.28E+07	0
3.91068	3.23E+07	0
3.9147	3.16E+07	0
3.91839	3.06E+07	0
3.92239	3.02E+07	0
3.92609	3.09E+07	0
3.93007	3.17E+07	0
3.9338	3.20E+07	0
3.93775	3.08E+07	0
3.9415	2.91E+07	0
3.94544	2.92E+07	0
3.94921	3.04E+07	0
3.95312	3.21E+07	0
3.95691	3.39E+07	0
3.9608	3.35E+07	0
3.96462	3.25E+07	0
3.96849	3.33E+07	0
3.97233	3.42E+07	0
3.97617	3.41E+07	0
3.98003	3.41E+07	0
3.98385	3.41E+07	0
3.98774	3.36E+07	0
3.99154	3.39E+07	0
3.99544	3.46E+07	0
3.99922	3.40E+07	0
4.00315	3.35E+07	0
4.0069	3.39E+07	0
4.01086	3.42E+07	0
4.01459	3.46E+07	0
4.01856	3.49E+07	0
4.02227	3.59E+07	0
4.02627	3.70E+07	0
4.02995	3.78E+07	0
4.03397	3.89E+07	0
4.03764	3.82E+07	0
4.04168	3.80E+07	0
4.04532	3.90E+07	0
4.04938	3.94E+07	0
4.05301	3.91E+07	0
4.05709	3.83E+07	0
4.06069	3.67E+07	0
4.0648	3.60E+07	0
4.06837	3.62E+07	0
4.0725	3.62E+07	0
4.07606	3.55E+07	0
4.08021	3.52E+07	0
4.08374	3.55E+07	0
4.08791	3.57E+07	0
4.09142	3.54E+07	0
4.09562	3.41E+07	0
4.09911	3.33E+07	0
4.10332	3.17E+07	0
4.10679	3.02E+07	0
4.11103	2.91E+07	0
4.11447	2.90E+07	0
4.11874	2.94E+07	0
4.12216	2.99E+07	0
4.12644	2.97E+07	0
4.12984	3.00E+07	0
4.13415	3.06E+07	0
4.13752	2.98E+07	0
4.14185	2.86E+07	0
4.14521	2.83E+07	0
4.14956	2.82E+07	0
4.15289	2.82E+07	0
4.15726	2.86E+07	0
4.16057	2.84E+07	0
4.16497	2.81E+07	0
4.16826	2.81E+07	0
4.17268	2.80E+07	0
4.17594	2.92E+07	0
4.18038	3.08E+07	0
4.18362	3.17E+07	0
4.18809	3.19E+07	0
4.19131	3.08E+07	0
4.19579	3.01E+07	0
4.19899	3.09E+07	0
4.2035	3.28E+07	0
4.20667	3.31E+07	0
4.21121	3.32E+07	0
4.21436	3.41E+07	0
4.21891	3.54E+07	0
4.22204	3.49E+07	0
4.22662	3.32E+07	0
4.22972	3.32E+07	0
4.23432	3.25E+07	0
4.23741	3.26E+07	0
4.24203	3.39E+07	0
4.24509	3.30E+07	0
4.24973	3.16E+07	0
4.25277	3.10E+07	0
4.25744	3.09E+07	0
4.26046	3.21E+07	0
4.26515	3.34E+07	0
4.26814	3.27E+07	0
4.27285	3.14E+07	0
4.27582	3.15E+07	0
4.28056	3.21E+07	0
4.28351	3.31E+07	0
4.28826	3.56E+07	0
4.29119	3.63E+07	0
4.29597	3.73E+07	0
4.29887	3.77E+07	0
4.30367	3.80E+07	0
4.30656	3.94E+07	0
4.31138	4.02E+07	0
4.31424	3.95E+07	0
4.31909	3.87E+07	0
4.32193	3.79E+07	0
4.32679	3.73E+07	0
4.32961	3.79E+07	0
4.3345	3.87E+07	0
4.33729	3.80E+07	0
4.3422	3.60E+07	0
4.34498	3.59E+07	0
4.34991	3.61E+07	0
4.35266	3.56E+07	0
4.35761	3.43E+07	0
4.36034	3.29E+07	0
4.36532	3.13E+07	0
4.36803	3.16E+07	0
4.37303	3.22E+07	0
4.37571	3.26E+07	0
4.38073	3.28E+07	0
4.38339	3.20E+07	0
4.38844	3.10E+07	0
4.39108	3.08E+07	0
4.39614	3.00E+07	0
4.39876	3.02E+07	0
4.40385	3.08E+07	0
4.40644	3.15E+07	0
4.41156	3.29E+07	0
4.41413	3.19E+07	0
4.41926	2.99E+07	0
4.42181	2.83E+07	0
4.42697	2.62E+07	0
4.42949	2.63E+07	0
4.43467	2.57E+07	0
4.43718	2.54E+07	0
4.44238	2.48E+07	0
4.44486	2.58E+07	0
4.45008	2.86E+07	0
4.45254	2.88E+07	0
4.45779	2.94E+07	0
4.46023	2.92E+07	0
4.4655	2.84E+07	0
4.46791	2.79E+07	0
4.4732	2.67E+07	0
4.47559	2.73E+07	0
4.48091	2.93E+07	0
4.48328	2.98E+07	0
4.48861	3.11E+07	0
4.49096	3.10E+07	0
4.49632	3.06E+07	0
4.49864	3.10E+07	0
4.50402	3.08E+07	0
4.50633	3.01E+07	0
4.51173	2.85E+07	0
4.51401	2.73E+07	0
4.51944	2.54E+07	0
4.52169	2.61E+07	0
4.52714	2.80E+07	0
4.52938	2.90E+07	0
4.53485	3.04E+07	0
4.53706	3.05E+07	0
4.54255	3.17E+07	0
4.54474	3.18E+07	0
4.55026	3.30E+07	0
4.55243	3.22E+07	0
4.55796	2.91E+07	0
4.56011	2.90E+07	0
4.56567	2.84E+07	0
4.56779	2.83E+07	0
4.57338	2.87E+07	0
4.57548	2.92E+07	0
4.58108	3.18E+07	0
4.58316	3.24E+07	0
4.58879	3.26E+07	0
4.59084	3.24E+07	0
4.59649	3.21E+07	0
4.59853	3.24E+07	0
4.6042	3.40E+07	0
4.60621	3.52E+07	0
4.61191	3.66E+07	0
4.61389	3.67E+07	0
4.61961	3.73E+07	0
4.62158	3.69E+07	0
4.62732	3.55E+07	0
4.62926	3.54E+07	0
4.63502	3.58E+07	0
4.63695	3.63E+07	0
4.64273	3.72E+07	0
4.64463	3.72E+07	0
4.65043	3.74E+07	0
4.65231	3.80E+07	0
4.65814	4.01E+07	0
4.66	4.14E+07	0
4.66585	4.53E+07	0
4.66768	4.57E+07	0
4.67355	4.73E+07	0
4.67536	4.70E+07	0
4.68126	4.52E+07	0
4.68305	4.41E+07	0
4.68896	4.10E+07	0
4.69073	4.03E+07	0
4.69667	3.82E+07	0
4.69841	3.85E+07	0
4.70437	3.98E+07	0
4.7061	4.08E+07	0
4.71208	4.28E+07	0
4.71378	4.29E+07	0
4.71979	4.33E+07	0
4.72146	4.31E+07	0
4.72749	4.40E+07	0
4.72915	4.45E+07	0
4.7352	4.50E+07	0
4.73683	4.47E+07	0
4.7429	4.35E+07	0
4.74451	4.31E+07	0
4.75061	4.19E+07	0
4.7522	4.14E+07	0
4.75832	3.94E+07	0
4.75988	3.95E+07	0
4.76602	4.01E+07	0
4.76756	3.95E+07	0
4.77373	3.75E+07	0
4.77525	3.69E+07	0
4.78143	3.41E+07	0
4.78293	3.39E+07	0
4.78914	3.20E+07	0
4.79061	3.23E+07	0
4.79684	3.37E+07	0
4.7983	3.39E+07	0
4.80455	3.63E+07	0
4.80598	3.68E+07	0
4.81226	3.87E+07	0
4.81366	3.89E+07	0
4.81996	3.94E+07	0
4.82135	3.96E+07	0
4.82767	3.94E+07	0
4.82903	3.90E+07	0
4.83537	3.88E+07	0
4.83671	3.84E+07	0
4.84308	3.68E+07	0
4.8444	3.68E+07	0
4.85078	3.66E+07	0
4.85208	3.70E+07	0
4.85849	3.94E+07	0
4.85976	3.92E+07	0
4.8662	3.87E+07	0
4.86745	3.89E+07	0
4.8739	3.85E+07	0
4.87513	3.87E+07	0
4.88161	3.95E+07	0
4.88281	3.97E+07	0
4.88931	4.17E+07	0
4.8905	4.16E+07	0
4.89702	4.09E+07	0
4.89818	4.07E+07	0
4.90472	4.07E+07	0
4.90587	4.08E+07	0
4.91243	4.13E+07	0
4.91355	4.10E+07	0
4.92014	3.88E+07	0
4.92123	3.88E+07	0
4.92784	3.94E+07	0
4.92892	3.91E+07	0
4.93555	3.71E+07	0
4.9366	3.69E+07	0
4.94325	3.35E+07	0
4.94428	3.34E+07	0
4.95096	3.46E+07	0
4.95197	3.49E+07	0
4.95867	3.71E+07	0
4.95965	3.73E+07	0
4.96637	3.85E+07	0
4.96733	3.89E+07	0
4.97408	4.12E+07	0
4.97502	4.12E+07	0
4.98178	4.25E+07	0
4.9827	4.26E+07	0
4.98949	4.26E+07	0
4.99038	4.26E+07	0
4.99719	4.25E+07	0
4.99807	4.23E+07	0
5.0049	4.18E+07	0
5.00575	4.20E+07	0
5.01261	4.34E+07	0
5.01343	4.34E+07	0
5.02031	4.42E+07	0
5.02112	4.45E+07	0
5.02802	4.65E+07	0
5.0288	4.67E+07	0
5.03572	4.72E+07	0
5.03648	4.72E+07	0
5.04343	4.73E+07	0
5.04417	4.75E+07	0
5.05113	5.07E+07	0
5.05185	5.10E+07	0
5.05884	5.22E+07	0
5.05953	5.21E+07	0
5.06655	5.02E+07	0
5.06722	5.01E+07	0
5.07425	4.99E+07	0
5.0749	5.00E+07	0
5.08196	5.19E+07	0
5.08258	5.20E+07	0
5.08966	5.20E+07	0
5.09027	5.20E+07	0
5.09737	5.20E+07	0
5.09795	5.20E+07	0
5.10507	5.31E+07	0
5.10563	5.32E+07	0
5.11278	5.49E+07	0
5.11332	5.49E+07	0
5.12049	5.63E+07	0
5.121	5.63E+07	0
5.12819	5.45E+07	0
5.12868	5.41E+07	0
5.1359	4.83E+07	0
5.13637	4.82E+07	0
5.1436	4.79E+07	0
5.14405	4.79E+07	0
5.15131	4.76E+07	0
5.15173	4.76E+07	0
5.15902	4.71E+07	0
5.15942	4.70E+07	0
5.16672	4.56E+07	0
5.1671	4.57E+07	0
5.17443	4.61E+07	0
5.17478	4.61E+07	0
5.18213	4.39E+07	0
5.18247	4.39E+07	0
5.18984	4.64E+07	0
5.19015	4.64E+07	0
5.19754	4.65E+07	0
5.19784	4.64E+07	0
5.20525	4.33E+07	0
5.20552	4.34E+07	0
5.21296	4.46E+07	0
5.2132	4.45E+07	0
5.22066	4.34E+07	0
5.22089	4.33E+07	0
5.22837	3.98E+07	0
5.22857	3.98E+07	0
5.23607	3.88E+07	0
5.23625	3.89E+07	0
5.24378	4.32E+07	0
5.24394	4.33E+07	0
5.25148	4.46E+07	0
5.25162	4.45E+07	0
5.25919	3.98E+07	0
5.2593	3.98E+07	0
5.2669	3.71E+07	0
5.26699	3.71E+07	0
5.2746	3.79E+07	0
5.27467	3.79E+07	0
5.28231	3.77E+07	0
5.28235	3.77E+07	0
5.29001	3.69E+07	0
5.29004	3.69E+07	0
5.29772	3.84E+07	0
5.3054	3.88E+07	0
5.30543	3.88E+07	0
5.31309	3.82E+07	0
5.31313	3.82E+07	0
5.32077	3.86E+07	0
5.32084	3.86E+07	0
5.32845	3.94E+07	0
5.32854	3.94E+07	0
5.33614	4.09E+07	0
5.33625	4.09E+07	0
5.34382	4.25E+07	0
5.34395	4.25E+07	0
5.3515	4.42E+07	0
5.35166	4.43E+07	0
5.35919	4.45E+07	0
5.35937	4.45E+07	0
5.36687	4.44E+07	0
5.36707	4.44E+07	0
5.37455	4.61E+07	0
5.37478	4.62E+07	0
5.38224	4.72E+07	0
5.38248	4.73E+07	0
5.38992	4.65E+07	0
5.39019	4.65E+07	0
5.3976	4.93E+07	0
5.39789	4.94E+07	0
5.40529	5.06E+07	0
5.4056	5.07E+07	0
5.41297	5.19E+07	0
5.41331	5.19E+07	0
5.42065	5.44E+07	0
5.42101	5.45E+07	0
5.42834	5.50E+07	0
5.42872	5.49E+07	0
5.43602	5.37E+07	0
5.43642	5.36E+07	0
5.4437	5.27E+07	0
5.44413	5.28E+07	0
5.45139	5.52E+07	0
5.45183	5.54E+07	0
5.45907	5.35E+07	0
5.45954	5.34E+07	0
5.46675	5.10E+07	0
5.46725	5.09E+07	0
5.47444	4.98E+07	0
5.47495	4.98E+07	0
5.48212	4.84E+07	0
5.48266	4.82E+07	0
5.48981	4.99E+07	0
5.49036	5.00E+07	0
5.49749	4.90E+07	0
5.49807	4.89E+07	0
5.50517	4.37E+07	0
5.50577	4.34E+07	0
5.51286	4.58E+07	0
5.51348	4.59E+07	0
5.52054	4.67E+07	0
5.52119	4.67E+07	0
5.52822	4.26E+07	0
5.52889	4.24E+07	0
5.53591	4.18E+07	0
5.5366	4.17E+07	0
5.54359	4.07E+07	0
5.5443	4.04E+07	0
5.55127	3.93E+07	0
5.55201	3.94E+07	0
5.55896	4.10E+07	0
5.55972	4.12E+07	0
5.56664	4.25E+07	0
5.56742	4.28E+07	0
5.57432	4.44E+07	0
5.57513	4.45E+07	0
5.58201	4.37E+07	0
5.58283	4.37E+07	0
5.58969	4.23E+07	0
5.59054	4.23E+07	0
5.59737	4.35E+07	0
5.59824	4.37E+07	0
5.60506	4.47E+07	0
5.60595	4.46E+07	0
5.61274	4.39E+07	0
5.61366	4.37E+07	0
5.62042	4.50E+07	0
5.62136	4.53E+07	0
5.62811	4.43E+07	0
5.62907	4.44E+07	0
5.63579	4.53E+07	0
5.63677	4.52E+07	0
5.64347	4.48E+07	0
5.64448	4.46E+07	0
5.65116	4.57E+07	0
5.65218	4.60E+07	0
5.65884	4.90E+07	0
5.65989	4.96E+07	0
5.66652	4.80E+07	0
5.6676	4.78E+07	0
5.67421	4.90E+07	0
5.6753	4.89E+07	0
5.68189	4.97E+07	0
5.68301	5.00E+07	0
5.68957	4.94E+07	0
5.69071	4.95E+07	0
5.69726	4.97E+07	0
5.69842	4.97E+07	0
5.70494	5.22E+07	0
5.70613	5.24E+07	0
5.71262	5.15E+07	0
5.71383	5.15E+07	0
5.72031	4.89E+07	0
5.72154	4.85E+07	0
5.72799	4.66E+07	0
5.72924	4.62E+07	0
5.73567	4.58E+07	0
5.73695	4.56E+07	0
5.74336	4.32E+07	0
5.74465	4.30E+07	0
5.75104	4.59E+07	0
5.75236	4.65E+07	0
5.75873	4.61E+07	0
5.76007	4.57E+07	0
5.76641	4.34E+07	0
5.76777	4.31E+07	0
5.77409	4.25E+07	0
5.77548	4.23E+07	0
5.78177	4.03E+07	0
5.78318	3.98E+07	0
5.78946	3.64E+07	0
5.79089	3.58E+07	0
5.79714	3.78E+07	0
5.79859	3.80E+07	0
5.80483	3.72E+07	0
5.8063	3.69E+07	0
5.81251	3.48E+07	0
5.81401	3.47E+07	0
5.82019	3.42E+07	0
5.82171	3.41E+07	0
5.82788	3.39E+07	0
5.82942	3.37E+07	0
5.83556	3.50E+07	0
5.83712	3.54E+07	0
5.84324	3.53E+07	0
5.84483	3.55E+07	0
5.85093	3.51E+07	0
5.85253	3.49E+07	0
5.85861	3.68E+07	0
5.86024	3.71E+07	0
5.86629	3.72E+07	0
5.86795	3.74E+07	0
5.87398	3.54E+07	0
5.87565	3.50E+07	0
5.88166	3.41E+07	0
5.88336	3.39E+07	0
5.88934	3.63E+07	0
5.89106	3.70E+07	0
5.89703	3.57E+07	0
5.89877	3.56E+07	0
5.90471	3.88E+07	0
5.90648	3.90E+07	0
5.91239	3.59E+07	0
5.91418	3.50E+07	0
5.92008	3.49E+07	0
5.92189	3.54E+07	0
5.92776	3.69E+07	0
5.92959	3.73E+07	0
5.93544	4.11E+07	0
5.9373	4.18E+07	0
5.94313	4.07E+07	0
5.945	4.05E+07	0
5.95081	3.96E+07	0
5.95271	3.94E+07	0
5.95849	3.61E+07	0
5.96042	3.52E+07	0
5.96618	3.44E+07	0
5.96812	3.41E+07	0
5.97386	3.81E+07	0
5.97583	3.91E+07	0
5.98154	3.78E+07	0
5.98353	3.71E+07	0
5.98923	3.88E+07	0
5.99124	3.94E+07	0
5.99691	4.04E+07	0
5.99894	4.11E+07	0
6.00459	3.76E+07	0
6.00665	3.64E+07	0
6.01228	3.87E+07	0
6.01436	3.97E+07	0
6.01996	4.49E+07	0
6.02206	4.66E+07	0
6.02764	4.40E+07	0
6.02977	4.28E+07	0
6.03533	4.16E+07	0
6.03747	4.15E+07	0
6.04301	4.04E+07	0
6.04518	3.99E+07	0
6.05069	3.99E+07	0
6.05289	3.96E+07	0
6.05838	3.85E+07	0
6.06059	3.81E+07	0
6.06606	3.62E+07	0
6.0683	3.55E+07	0
6.07375	3.81E+07	0
6.076	3.94E+07	0
6.08143	3.88E+07	0
6.08371	3.87E+07	0
6.08911	3.40E+07	0
6.09141	3.16E+07	0
6.0968	3.05E+07	0
6.09912	3.02E+07	0
6.10448	3.54E+07	0
6.10683	3.76E+07	0
6.11216	3.98E+07	0
6.11453	4.10E+07	0
6.11985	4.09E+07	0
6.12224	4.04E+07	0
6.12753	3.90E+07	0
6.12994	3.81E+07	0
6.13521	3.78E+07	0
6.13765	3.80E+07	0
6.1429	3.83E+07	0
6.14535	3.89E+07	0
6.15058	3.70E+07	0
6.15306	3.57E+07	0
6.15826	3.74E+07	0
6.16077	3.82E+07	0
6.16595	3.83E+07	0
6.16847	3.77E+07	0
6.17363	3.72E+07	0
6.17618	3.78E+07	0
6.18131	3.85E+07	0
6.18388	3.90E+07	0
6.189	4.08E+07	0
6.19159	4.11E+07	0
6.19668	4.68E+07	0
6.19929	5.00E+07	0
6.20436	5.22E+07	0
6.207	5.34E+07	0
6.21205	5.33E+07	0
6.21471	5.40E+07	0
6.21973	5.37E+07	0
6.22241	5.30E+07	0
6.22741	5.11E+07	0
6.23012	4.95E+07	0
6.2351	4.58E+07	0
6.23782	4.39E+07	0
6.24278	4.14E+07	0
6.24553	4.01E+07	0
6.25046	3.89E+07	0
6.25323	3.77E+07	0
6.25815	3.64E+07	0
6.26094	3.60E+07	0
6.26583	3.39E+07	0
6.26865	3.35E+07	0
6.27351	3.36E+07	0
6.27635	3.31E+07	0
6.2812	3.31E+07	0
6.28406	3.28E+07	0
6.28888	3.54E+07	0
6.29176	3.78E+07	0
6.29656	4.00E+07	0
6.29947	4.08E+07	0
6.30425	3.69E+07	0
6.30718	3.49E+07	0
6.31193	3.34E+07	0
6.31488	3.22E+07	0
6.31961	3.20E+07	0
6.32259	3.24E+07	0
6.3273	3.25E+07	0
6.33029	3.18E+07	0
6.33498	3.03E+07	0
6.338	2.87E+07	0
6.34267	2.76E+07	0
6.3457	2.75E+07	0
6.35035	2.97E+07	0
6.35341	3.14E+07	0
6.35803	3.42E+07	0
6.36112	3.57E+07	0
6.36572	3.38E+07	0
6.36882	3.39E+07	0
6.3734	3.60E+07	0
6.37653	3.66E+07	0
6.38108	3.89E+07	0
6.38423	4.02E+07	0
6.38877	4.47E+07	0
6.39194	4.83E+07	0
6.39645	4.85E+07	0
6.39965	4.94E+07	0
6.40413	4.68E+07	0
6.40735	4.47E+07	0
6.41182	4.55E+07	0
6.41506	4.50E+07	0
6.4195	4.59E+07	0
6.42276	4.67E+07	0
6.42718	4.65E+07	0
6.43047	4.73E+07	0
6.43487	4.82E+07	0
6.43817	4.86E+07	0
6.44255	4.77E+07	0
6.44588	4.61E+07	0
6.45023	4.24E+07	0
6.45359	4.12E+07	0
6.45792	3.98E+07	0
6.46129	3.93E+07	0
6.4656	4.58E+07	0
6.469	4.77E+07	0
6.47328	4.97E+07	0
6.4767	5.29E+07	0
6.48097	4.89E+07	0
6.48441	4.64E+07	0
6.48865	4.62E+07	0
6.49211	4.58E+07	0
6.49633	4.28E+07	0
6.49982	4.06E+07	0
6.50402	4.03E+07	0
6.50753	3.94E+07	0
6.5117	4.12E+07	0
6.51523	4.22E+07	0
6.51938	4.12E+07	0
6.52294	4.14E+07	0
6.52707	4.31E+07	0
6.53064	4.36E+07	0
6.53475	4.42E+07	0
6.53835	4.49E+07	0
6.54243	4.99E+07	0
6.54605	5.43E+07	0
6.55012	5.51E+07	0
6.55376	5.50E+07	0
6.5578	5.19E+07	0
6.56147	4.95E+07	0
6.56548	4.61E+07	0
6.56917	4.35E+07	0
6.57317	4.28E+07	0
6.57688	4.36E+07	0
6.58085	4.12E+07	0
6.58458	3.81E+07	0
6.58853	3.87E+07	0
6.59229	3.77E+07	0
6.59622	4.08E+07	0
6.6	4.52E+07	0
6.6039	4.65E+07	0
6.6077	4.76E+07	0
6.61158	4.82E+07	0
6.61541	4.86E+07	0
6.61927	4.63E+07	0
6.62311	4.41E+07	0
6.62695	4.60E+07	0
6.63082	4.80E+07	0
6.63463	4.90E+07	0
6.63852	4.85E+07	0
6.64232	4.52E+07	0
6.64623	4.27E+07	0
6.65	4.26E+07	0
6.65394	4.24E+07	0
6.65768	4.34E+07	0
6.66164	4.54E+07	0
6.66537	4.83E+07	0
6.66935	5.11E+07	0
6.67305	5.10E+07	0
6.67705	4.97E+07	0
6.68074	4.87E+07	0
6.68476	4.77E+07	0
6.68842	4.81E+07	0
6.69246	4.89E+07	0
6.6961	4.84E+07	0
6.70017	4.85E+07	0
6.70379	5.00E+07	0
6.70788	5.12E+07	0
6.71147	5.02E+07	0
6.71558	4.82E+07	0
6.71915	4.62E+07	0
6.72329	4.46E+07	0
6.72684	4.76E+07	0
6.73099	5.07E+07	0
6.73452	5.12E+07	0
6.7387	5.27E+07	0
6.7422	5.31E+07	0
6.74641	5.33E+07	0
6.74989	5.40E+07	0
6.75411	5.54E+07	0
6.75757	5.34E+07	0
6.76182	5.09E+07	0
6.76525	5.13E+07	0
6.76952	5.16E+07	0
6.77294	5.48E+07	0
6.77723	5.85E+07	0
6.78062	6.20E+07	0
6.78493	6.60E+07	0
6.7883	6.29E+07	0
6.79264	5.87E+07	0
6.79599	5.64E+07	0
6.80035	5.25E+07	0
6.80367	5.20E+07	0
6.80805	5.34E+07	0
6.81135	5.21E+07	0
6.81576	5.08E+07	0
6.81904	5.14E+07	0
6.82346	5.07E+07	0
6.82672	5.09E+07	0
6.83117	5.04E+07	0
6.8344	4.86E+07	0
6.83887	4.89E+07	0
6.84209	4.82E+07	0
6.84658	4.56E+07	0
6.84977	4.64E+07	0
6.85429	4.83E+07	0
6.85745	4.84E+07	0
6.86199	4.72E+07	0
6.86514	4.64E+07	0
6.8697	4.48E+07	0
6.87282	4.32E+07	0
6.8774	4.25E+07	0
6.8805	4.25E+07	0
6.88511	4.40E+07	0
6.88819	4.77E+07	0
6.89281	5.29E+07	0
6.89587	5.54E+07	0
6.90052	5.69E+07	0
6.90355	5.38E+07	0
6.90823	4.75E+07	0
6.91124	4.47E+07	0
6.91593	4.11E+07	0
6.91892	4.00E+07	0
6.92364	3.95E+07	0
6.92661	3.92E+07	0
6.93134	4.02E+07	0
6.93429	4.10E+07	0
6.93905	4.15E+07	0
6.94197	4.21E+07	0
6.94675	4.20E+07	0
6.94966	4.16E+07	0
6.95446	4.03E+07	0
6.95734	3.89E+07	0
6.96217	3.65E+07	0
6.96502	3.49E+07	0
6.96987	3.42E+07	0
6.97271	3.62E+07	0
6.97758	4.03E+07	0
6.98039	4.22E+07	0
6.98528	4.40E+07	0
6.98807	4.28E+07	0
6.99299	3.80E+07	0
6.99576	3.68E+07	0
7.0007	3.64E+07	0
7.00344	3.89E+07	0
7.0084	4.61E+07	0
7.01112	4.86E+07	0
7.01611	5.27E+07	0
7.01881	5.18E+07	0
7.02381	4.95E+07	0
7.02649	4.95E+07	0
7.03152	4.73E+07	0
7.03417	4.59E+07	0
7.03922	4.40E+07	0
7.04186	4.62E+07	0
7.04693	5.11E+07	0
7.04954	5.09E+07	0
7.05464	4.95E+07	0
7.05722	4.70E+07	0
7.06234	4.39E+07	0
7.06491	4.28E+07	0
7.07005	3.93E+07	0
7.07259	3.87E+07	0
7.07775	3.74E+07	0
7.08027	3.66E+07	0
7.08546	3.71E+07	0
7.08796	3.82E+07	0
7.09316	4.05E+07	0
7.09564	4.11E+07	0
7.10087	4.09E+07	0
7.10332	4.00E+07	0
7.10858	3.64E+07	0
7.11101	3.70E+07	0
7.11628	3.84E+07	0
7.11869	3.74E+07	0
7.12399	3.87E+07	0
7.12637	4.02E+07	0
7.13169	4.27E+07	0
7.13406	4.15E+07	0
7.1394	3.58E+07	0
7.14174	3.27E+07	0
7.14711	2.63E+07	0
7.14942	2.79E+07	0
7.15481	3.29E+07	0
7.15711	3.53E+07	0
7.16252	4.26E+07	0
7.16479	4.12E+07	0
7.17022	3.57E+07	0
7.17247	3.46E+07	0
7.17793	3.18E+07	0
7.18016	3.20E+07	0
7.18563	3.20E+07	0
7.18784	3.20E+07	0
7.19334	3.27E+07	0
7.19553	3.38E+07	0
7.20105	3.61E+07	0
7.20321	3.67E+07	0
7.20875	3.79E+07	0
7.21089	3.92E+07	0
7.21646	4.30E+07	0
7.21858	4.38E+07	0
7.22416	4.45E+07	0
7.22626	4.18E+07	0
7.23187	3.48E+07	0
7.23394	3.26E+07	0
7.23957	2.88E+07	0
7.24163	2.93E+07	0
7.24728	3.19E+07	0
7.24931	3.09E+07	0
7.25499	2.67E+07	0
7.25699	2.66E+07	0
7.26269	2.68E+07	0
7.26468	2.90E+07	0
7.2704	3.49E+07	0
7.27236	3.56E+07	0
7.2781	3.65E+07	0
7.28004	3.56E+07	0
7.28581	3.49E+07	0
7.28773	3.67E+07	0
7.29351	4.16E+07	0
7.29541	4.06E+07	0
7.30122	3.62E+07	0
7.30309	3.63E+07	0
7.30893	3.58E+07	0
7.31078	3.72E+07	0
7.31663	4.37E+07	0
7.31846	4.55E+07	0
7.32434	4.94E+07	0
7.32614	4.75E+07	0
7.33204	4.24E+07	0
7.33383	4.02E+07	0
7.33975	3.27E+07	0
7.34151	3.30E+07	0
7.34746	3.34E+07	0
7.34919	3.36E+07	0
7.35516	3.45E+07	0
7.35688	3.46E+07	0
7.36287	3.79E+07	0
7.36456	4.00E+07	0
7.37057	4.21E+07	0
7.37224	4.26E+07	0
7.37828	4.63E+07	0
7.37993	4.72E+07	0
7.38598	5.42E+07	0
7.38761	5.20E+07	0
7.39369	4.07E+07	0
7.39529	3.94E+07	0
7.4014	3.76E+07	0
7.40298	3.88E+07	0
7.4091	4.35E+07	0
7.41066	4.25E+07	0
7.41681	3.63E+07	0
7.41834	3.77E+07	0
7.42451	3.98E+07	0
7.42603	3.98E+07	0
7.43222	4.42E+07	0
7.43371	4.48E+07	0
7.43992	4.72E+07	0
7.44139	4.69E+07	0
7.44763	4.50E+07	0
7.44908	4.45E+07	0
7.45534	4.34E+07	0
7.45676	4.22E+07	0
7.46304	4.20E+07	0
7.46444	4.36E+07	0
7.47075	4.67E+07	0
7.47213	4.67E+07	0
7.47845	4.44E+07	0
7.47981	4.34E+07	0
7.48616	3.73E+07	0
7.4875	3.80E+07	0
7.49387	4.18E+07	0
7.49518	4.10E+07	0
7.50157	4.01E+07	0
7.50286	4.05E+07	0
7.50928	4.31E+07	0
7.51055	4.53E+07	0
7.51698	5.21E+07	0
7.51823	4.90E+07	0
7.52469	3.74E+07	0
7.52591	3.64E+07	0
7.53239	3.22E+07	0
7.5336	3.22E+07	0
7.5401	2.90E+07	0
7.54128	3.03E+07	0
7.54781	4.27E+07	0
7.54896	4.48E+07	0
7.55551	5.11E+07	0
7.55665	5.10E+07	0
7.56322	4.75E+07	0
7.56433	4.73E+07	0
7.57092	5.23E+07	0
7.57201	5.36E+07	0
7.57863	5.60E+07	0
7.5797	5.53E+07	0
7.58633	4.80E+07	0
7.58738	4.57E+07	0
7.59404	3.58E+07	0
7.59506	3.47E+07	0
7.60175	2.97E+07	0
7.60275	2.98E+07	0
7.60945	3.68E+07	0
7.61043	3.86E+07	0
7.61716	4.95E+07	0
7.61811	4.91E+07	0
7.62486	4.71E+07	0
7.6258	4.86E+07	0
7.63257	5.51E+07	0
7.63348	5.67E+07	0
7.64027	5.61E+07	0
7.64116	5.39E+07	0
7.64798	4.89E+07	0
7.64885	4.80E+07	0
7.65569	3.53E+07	0
7.65653	3.38E+07	0
7.66339	2.35E+07	0
7.66421	2.26E+07	0
7.6711	1.66E+07	0
7.6719	1.69E+07	0
7.6788	1.19E+07	0
7.67958	1.26E+07	0
7.68651	2.49E+07	0
7.68726	2.53E+07	0
7.69421	3.32E+07	0
7.69495	3.25E+07	0
7.70192	2.56E+07	0
7.70263	2.54E+07	0
7.70963	2.24E+07	0
7.71031	2.28E+07	0
7.71733	2.11E+07	0
7.718	2.03E+07	0
